28 27 
27 26 
26 25 
25 24 
24 23 
23 22 
22 21 
21 20 
20 19 
19 18 
18 17
17 16 
16 15 
15 14 
14 13 
27 25 
13 12 
25 23 
12 11 
23 21 
11 10 
21 19 
10 9 
19 17
28 25
9 8 
26 23 
17 15 
25 22 
8 7 
23 20 
15 13 
22 19 
7 6 
27 23 
20 17
13 11 
19 16 
25 21 
6 5 
23 19 
17 14 
28 23 
11 9 
27 22 
16 13 
21 17 
26 21 
24 19 
19 15 
14 11 
23 18 
9 7 
22 17 
13 10 
17 13 
21 16 
25 19 
27 20 
23 17 
19 14 
15 11 
26 19 
11 8 
18 13 
25 18 
7 5 
24 17 
17 12 
27 19 
10 7 
23 16
13 9
16 11
19 13
22 15
25 17
28 19
3 2
26 17
23 15
17 11
14 9 
25 16 
11 7 
19 12 
27 17 
8 5 
21 13 
13 8 
18 11 
23 14 
28 17 
27 16 
22 13 
17 10 
12 7 
19 11 
26 15 
7 4 
23 13 
16 9 
25 14 
9 5 
20 11 
11 6 
24 13 
13 7 
28 15
15 8
17 9
19 10 
21 11 
23 12 
25 13 
27 14
2 1
